[139, 109]
[]
[[83, 173], [203, 263], [83, 323], [278, 68], [233, 218], [473, 8], [788, 548]]
[[[83, 173], [203, 173]], [[203, 263], [83, 263]], [[83, 323], [203, 323], [203, 518], [83, 518]], [[278, 68], [848, 518]], [[233, 218], [668, 533]], [[473, 8], [863, 353]], [[788, 548], [788, 158]]]
[4.8, 4.8, 4.8, 29.04892424858449, 21.48301654796179, 20.827865949251738, 15.6]
[[525, 240], [525, 240], [525, 240], [525, 240], [525, 240], [525, 240], [525, 240], [525, 240], [525, 255], [525, 240]]
[15.0, 30.0, 75.0, 90.0, 135.0, 150.0, 195.0, 210.0, 240.0, 270.0]
[3.141592653589793, 3.141592653589793, 3.141592653589793, 3.141592653589793, 3.141592653589793, 3.141592653589793, 3.141592653589793, 3.141592653589793, 3.141592653589793, 3.141592653589793]
[0.8999999999999999, 1.7999999999999998, 4.5, 5.4, 8.100000000000001, 9.0, 11.7, 12.600000000000001, 14.399999999999999, 16.200000000000003]
[[120, 90], [150, 90], [780, 90], [810, 90], [120, 120], [150, 120], [780, 120], [810, 120]]
[[120, 90], [150, 90], [300, 90], [330, 90], [360, 90], [390, 90], [420, 90], [450, 90], [480, 90], [570, 90], [600, 90], [630, 90], [660, 90], [690, 90], [720, 90], [780, 90], [810, 90], [120, 120], [150, 120], [300, 120], [330, 120], [360, 120], [390, 120], [420, 120], [450, 120], [480, 120], [570, 120], [600, 120], [630, 120], [660, 120], [690, 120], [720, 120], [780, 120], [810, 120], [120, 150], [150, 150], [300, 150], [330, 150], [450, 150], [480, 150], [570, 150], [600, 150], [690, 150], [720, 150], [780, 150], [810, 150], [120, 180], [150, 180], [300, 180], [330, 180], [450, 180], [480, 180], [570, 180], [600, 180], [690, 180], [720, 180], [780, 180], [810, 180], [120, 210], [150, 210], [300, 210], [330, 210], [450, 210], [480, 210], [570, 210], [600, 210], [690, 210], [720, 210], [780, 210], [810, 210], [120, 240], [150, 240], [300, 240], [330, 240], [450, 240], [480, 240], [570, 240], [600, 240], [690, 240], [720, 240], [780, 240], [810, 240], [120, 270], [150, 270], [300, 270], [330, 270], [450, 270], [480, 270], [570, 270], [600, 270], [690, 270], [720, 270], [780, 270], [810, 270], [120, 300], [150, 300], [300, 300], [330, 300], [450, 300], [480, 300], [570, 300], [600, 300], [690, 300], [720, 300], [780, 300], [810, 300], [120, 330], [150, 330], [300, 330], [330, 330], [450, 330], [480, 330], [570, 330], [600, 330], [690, 330], [720, 330], [780, 330], [810, 330], [120, 360], [150, 360], [300, 360], [330, 360], [450, 360], [480, 360], [570, 360], [600, 360], [690, 360], [720, 360], [780, 360], [810, 360], [120, 390], [150, 390], [300, 390], [330, 390], [450, 390], [480, 390], [570, 390], [600, 390], [690, 390], [720, 390], [780, 390], [810, 390], [120, 420], [150, 420], [300, 420], [330, 420], [450, 420], [480, 420], [570, 420], [600, 420], [690, 420], [720, 420], [780, 420], [810, 420], [120, 450], [150, 450], [180, 450], [210, 450], [240, 450], [270, 450], [300, 450], [330, 450], [450, 450], [480, 450], [510, 450], [540, 450], [570, 450], [600, 450], [690, 450], [720, 450], [750, 450], [780, 450], [810, 450], [120, 480], [150, 480], [180, 480], [210, 480], [240, 480], [270, 480], [300, 480], [330, 480], [450, 480], [480, 480], [510, 480], [540, 480], [570, 480], [600, 480], [690, 480], [720, 480], [750, 480], [780, 480], [810, 480]]
[[143, 218], [143, 293], [143, 413], [143, 488], [323, 473], [323, 353], [323, 218], [323, 143], [398, 113], [473, 188], [473, 308], [473, 458], [593, 458], [593, 308], [593, 158], [728, 113], [713, 293], [713, 473], [803, 443], [818, 353], [818, 248], [818, 158]]
[(90, 90), (270, 90), (540, 90), (750, 90), (90, 120), (270, 120), (540, 120), (750, 120), (90, 150), (270, 150), (420, 150), (540, 150), (660, 150), (750, 150), (90, 180), (270, 180), (420, 180), (540, 180), (660, 180), (750, 180), (90, 210), (270, 210), (420, 210), (540, 210), (660, 210), (750, 210), (90, 240), (270, 240), (420, 240), (540, 240), (660, 240), (750, 240), (90, 270), (270, 270), (420, 270), (540, 270), (660, 270), (750, 270), (90, 300), (270, 300), (420, 300), (540, 300), (660, 300), (750, 300), (90, 330), (270, 330), (420, 330), (540, 330), (660, 330), (750, 330), (90, 360), (270, 360), (420, 360), (540, 360), (660, 360), (750, 360), (90, 390), (270, 390), (420, 390), (540, 390), (660, 390), (750, 390), (90, 420), (270, 420), (420, 420), (540, 420), (660, 420), (750, 420), (90, 450), (420, 450), (660, 450), (90, 480), (420, 480), (660, 480), (90, 90), (270, 90), (540, 90), (750, 90), (90, 120), (270, 120), (540, 120), (750, 120), (90, 150), (270, 150), (420, 150), (540, 150), (660, 150), (750, 150), (90, 180), (270, 180), (420, 180), (540, 180), (660, 180), (750, 180), (90, 210), (270, 210), (420, 210), (540, 210), (660, 210), (750, 210), (90, 240), (270, 240), (420, 240), (540, 240), (660, 240), (750, 240), (90, 270), (270, 270), (420, 270), (540, 270), (660, 270), (750, 270), (90, 300), (270, 300), (420, 300), (540, 300), (660, 300), (750, 300), (90, 330), (270, 330), (420, 330), (540, 330), (660, 330), (750, 330), (90, 360), (270, 360), (420, 360), (540, 360), (660, 360), (750, 360), (90, 390), (270, 390), (420, 390), (540, 390), (660, 390), (750, 390), (90, 420), (270, 420), (420, 420), (540, 420), (660, 420), (750, 420), (90, 450), (420, 450), (660, 450), (90, 480), (420, 480), (660, 480)]
[(180, 90), (510, 90), (750, 90), (840, 90), (180, 120), (510, 120), (750, 120), (840, 120), (180, 150), (360, 150), (510, 150), (630, 150), (750, 150), (840, 150), (180, 180), (360, 180), (510, 180), (630, 180), (750, 180), (840, 180), (180, 210), (360, 210), (510, 210), (630, 210), (750, 210), (840, 210), (180, 240), (360, 240), (510, 240), (630, 240), (750, 240), (840, 240), (180, 270), (360, 270), (510, 270), (630, 270), (750, 270), (840, 270), (180, 300), (360, 300), (510, 300), (630, 300), (750, 300), (840, 300), (180, 330), (360, 330), (510, 330), (630, 330), (750, 330), (840, 330), (180, 360), (360, 360), (510, 360), (630, 360), (750, 360), (840, 360), (180, 390), (360, 390), (510, 390), (630, 390), (750, 390), (840, 390), (180, 420), (360, 420), (510, 420), (630, 420), (750, 420), (840, 420), (360, 450), (630, 450), (840, 450), (360, 480), (630, 480), (840, 480), (180, 90), (510, 90), (750, 90), (840, 90), (180, 120), (510, 120), (750, 120), (840, 120), (180, 150), (360, 150), (510, 150), (630, 150), (750, 150), (840, 150), (180, 180), (360, 180), (510, 180), (630, 180), (750, 180), (840, 180), (180, 210), (360, 210), (510, 210), (630, 210), (750, 210), (840, 210), (180, 240), (360, 240), (510, 240), (630, 240), (750, 240), (840, 240), (180, 270), (360, 270), (510, 270), (630, 270), (750, 270), (840, 270), (180, 300), (360, 300), (510, 300), (630, 300), (750, 300), (840, 300), (180, 330), (360, 330), (510, 330), (630, 330), (750, 330), (840, 330), (180, 360), (360, 360), (510, 360), (630, 360), (750, 360), (840, 360), (180, 390), (360, 390), (510, 390), (630, 390), (750, 390), (840, 390), (180, 420), (360, 420), (510, 420), (630, 420), (750, 420), (840, 420), (360, 450), (630, 450), (840, 450), (360, 480), (630, 480), (840, 480)]
[(120, 60), (150, 60), (300, 60), (330, 60), (360, 60), (390, 60), (420, 60), (450, 60), (480, 60), (570, 60), (600, 60), (630, 60), (660, 60), (690, 60), (720, 60), (780, 60), (810, 60), (180, 420), (210, 420), (240, 420), (270, 420), (510, 420), (540, 420), (750, 420), (120, 60), (150, 60), (300, 60), (330, 60), (360, 60), (390, 60), (420, 60), (450, 60), (480, 60), (570, 60), (600, 60), (630, 60), (660, 60), (690, 60), (720, 60), (780, 60), (810, 60), (180, 420), (210, 420), (240, 420), (270, 420), (510, 420), (540, 420), (750, 420)]
[(360, 150), (390, 150), (420, 150), (630, 150), (660, 150), (120, 510), (150, 510), (180, 510), (210, 510), (240, 510), (270, 510), (300, 510), (330, 510), (450, 510), (480, 510), (510, 510), (540, 510), (570, 510), (600, 510), (690, 510), (720, 510), (750, 510), (780, 510), (810, 510), (360, 150), (390, 150), (420, 150), (630, 150), (660, 150), (120, 510), (150, 510), (180, 510), (210, 510), (240, 510), (270, 510), (300, 510), (330, 510), (450, 510), (480, 510), (510, 510), (540, 510), (570, 510), (600, 510), (690, 510), (720, 510), (750, 510), (780, 510), (810, 510)]
[[[90, 180], [210, 180]], [[210, 270], [90, 270]], [[90, 330], [210, 330], [210, 525], [90, 525]], [[285, 75], [855, 525]], [[240, 225], [675, 540]], [[480, 15], [870, 360]], [[795, 555], [795, 165]]]
10
[[[525, 240], [15.0]], [[525, 240], [30.0]], [[525, 240], [75.0]], [[525, 240], [90.0]], [[525, 240], [135.0]], [[525, 240], [150.0]], [[525, 240], [195.0]], [[525, 240], [210.0]], [[525, 255], [240.0]], [[525, 240], [270.0]]]
