[364, 124]
[]
[]
[]
[]
[[375, 285], [375, 285], [375, 285], [375, 285], [375, 285], [375, 285], [375, 285], [375, 285], [375, 285], [375, 285], [375, 285], [375, 285], [375, 285], [375, 285], [375, 285], [375, 285], [375, 285], [375, 285], [375, 285], [375, 285], [375, 285], [375, 285], [375, 285], [375, 285], [375, 285], [375, 285], [375, 285], [375, 285]]
[105.0, 90.0, 75.0, 60.0, 45.0, 30.0, 15.0, 15.0, 30.0, 45.0, 60.0, 75.0, 90.0, 105.0, 15.0, 30.0, 45.0, 60.0, 75.0, 90.0, 105.0, 15.0, 30.0, 45.0, 60.0, 75.0, 90.0, 105.0]
[0.0, 0.0, 0.0, 0.0, 0.0, 0.0, 0.0, 1.5707963267948966, 1.5707963267948966, 1.5707963267948966, 1.5707963267948966, 1.5707963267948966, 1.5707963267948966, 1.5707963267948966, 3.141592653589793, 3.141592653589793, 3.141592653589793, 3.141592653589793, 3.141592653589793, 3.141592653589793, 3.141592653589793, 4.71238898038469, 4.71238898038469, 4.71238898038469, 4.71238898038469, 4.71238898038469, 4.71238898038469, 4.71238898038469]
[4.2, 3.6, 3.0, 2.4, 2.7, 1.7999999999999998, 0.8999999999999999, 0.8999999999999999, 1.7999999999999998, 2.7, 2.4, 3.0, 3.6, 4.2, 0.8999999999999999, 1.7999999999999998, 2.7, 2.4, 3.0, 3.6, 4.2, 0.8999999999999999, 1.7999999999999998, 2.7, 2.4, 3.0, 3.6, 4.2]
[[330, 120], [360, 120], [390, 120], [330, 150], [360, 150], [390, 150], [210, 240], [240, 240], [210, 270], [240, 270], [210, 300], [240, 300]]
[[330, 120], [360, 120], [390, 120], [330, 150], [360, 150], [390, 150], [270, 180], [300, 180], [330, 180], [360, 180], [390, 180], [420, 180], [450, 180], [270, 210], [300, 210], [330, 210], [360, 210], [390, 210], [420, 210], [450, 210], [210, 240], [240, 240], [270, 240], [300, 240], [330, 240], [360, 240], [390, 240], [420, 240], [450, 240], [210, 270], [240, 270], [270, 270], [300, 270], [330, 270], [360, 270], [390, 270], [420, 270], [450, 270], [210, 300], [240, 300], [270, 300], [300, 300], [330, 300], [360, 300], [390, 300], [420, 300], [450, 300], [270, 330], [300, 330], [330, 330], [360, 330], [390, 330], [420, 330], [450, 330], [270, 360], [300, 360], [330, 360], [360, 360], [390, 360], [420, 360], [450, 360]]
[]
[(300, 120), (300, 150), (240, 180), (240, 210), (180, 240), (180, 270), (180, 300), (240, 330), (240, 360)]
[(420, 120), (420, 150), (480, 180), (480, 210), (480, 240), (480, 270), (480, 300), (480, 330), (480, 360)]
[(330, 90), (360, 90), (390, 90), (270, 150), (300, 150), (420, 150), (450, 150), (210, 210), (240, 210)]
[(210, 330), (240, 330), (270, 390), (300, 390), (330, 390), (360, 390), (390, 390), (420, 390), (450, 390)]
[]
28
[[[375, 285], [105.0]], [[375, 285], [90.0]], [[375, 285], [75.0]], [[375, 285], [60.0]], [[375, 285], [45.0]], [[375, 285], [30.0]], [[375, 285], [15.0]], [[375, 285], [15.0]], [[375, 285], [30.0]], [[375, 285], [45.0]], [[375, 285], [60.0]], [[375, 285], [75.0]], [[375, 285], [90.0]], [[375, 285], [105.0]], [[375, 285], [15.0]], [[375, 285], [30.0]], [[375, 285], [45.0]], [[375, 285], [60.0]], [[375, 285], [75.0]], [[375, 285], [90.0]], [[375, 285], [105.0]], [[375, 285], [15.0]], [[375, 285], [30.0]], [[375, 285], [45.0]], [[375, 285], [60.0]], [[375, 285], [75.0]], [[375, 285], [90.0]], [[375, 285], [105.0]]]
