[109, 229]
[]
[[158, 98], [203, 368], [248, 98], [293, 368], [338, 98], [473, 368], [533, 98], [593, 368], [653, 98]]
[[[158, 98], [158, 368]], [[203, 368], [203, 98]], [[248, 98], [248, 368]], [[293, 368], [293, 98]], [[338, 98], [338, 368]], [[473, 368], [473, 98]], [[533, 98], [533, 368]], [[593, 368], [593, 98]], [[653, 98], [653, 368]]]
[10.8, 10.8, 10.8, 10.8, 10.8, 10.8, 10.8,10.8,10.8]
[[405, 240]]
[135.0]
[0.0]
[5.4]
[[90, 180], [120, 180], [690, 180], [720, 180], [90, 210], [120, 210], [690, 210], [720, 210], [90, 240], [120, 240], [690, 240], [720, 240], [90, 270], [120, 270], [690, 270], [720, 270]]
[[150, 90], [180, 90], [210, 90], [240, 90], [270, 90], [300, 90], [330, 90], [360, 90], [390, 90], [420, 90], [450, 90], [480, 90], [510, 90], [540, 90], [570, 90], [600, 90], [630, 90], [660, 90], [150, 120], [180, 120], [210, 120], [240, 120], [270, 120], [300, 120], [330, 120], [360, 120], [390, 120], [420, 120], [450, 120], [480, 120], [510, 120], [540, 120], [570, 120], [600, 120], [630, 120], [660, 120], [150, 150], [180, 150], [210, 150], [240, 150], [270, 150], [300, 150], [330, 150], [450, 150], [480, 150], [510, 150], [540, 150], [570, 150], [600, 150], [630, 150], [660, 150], [90, 180], [120, 180], [150, 180], [180, 180], [210, 180], [240, 180], [270, 180], [300, 180], [330, 180], [450, 180], [480, 180], [510, 180], [540, 180], [570, 180], [600, 180], [630, 180], [660, 180], [690, 180], [720, 180], [90, 210], [120, 210], [150, 210], [180, 210], [210, 210], [240, 210], [270, 210], [300, 210], [330, 210], [450, 210], [480, 210], [510, 210], [540, 210], [570, 210], [600, 210], [630, 210], [660, 210], [690, 210], [720, 210], [90, 240], [120, 240], [150, 240], [180, 240], [210, 240], [240, 240], [270, 240], [300, 240], [330, 240], [450, 240], [480, 240], [510, 240], [540, 240], [570, 240], [600, 240], [630, 240], [660, 240], [690, 240], [720, 240], [90, 270], [120, 270], [150, 270], [180, 270], [210, 270], [240, 270], [270, 270], [300, 270], [330, 270], [450, 270], [480, 270], [510, 270], [540, 270], [570, 270], [600, 270], [630, 270], [660, 270], [690, 270], [720, 270], [150, 300], [180, 300], [210, 300], [240, 300], [270, 300], [300, 300], [330, 300], [450, 300], [480, 300], [510, 300], [540, 300], [570, 300], [600, 300], [630, 300], [660, 300], [150, 330], [180, 330], [210, 330], [240, 330], [270, 330], [300, 330], [330, 330], [360, 330], [390, 330], [420, 330], [450, 330], [480, 330], [510, 330], [540, 330], [570, 330], [600, 330], [630, 330], [660, 330], [150, 360], [180, 360], [210, 360], [240, 360], [270, 360], [300, 360], [330, 360], [360, 360], [390, 360], [420, 360], [450, 360], [480, 360], [510, 360], [540, 360], [570, 360], [600, 360], [630, 360], [660, 360]]
[[158, 98], [668, 98], [668, 368], [158, 368]]
[(120, 90), (120, 120), (120, 150), (420, 150), (60, 180), (420, 180), (60, 210), (420, 210), (60, 240), (420, 240), (60, 270), (420, 270), (120, 300), (420, 300), (120, 330), (120, 360)]
[(690, 90), (690, 120), (360, 150), (690, 150), (360, 180), (750, 180), (360, 210), (750, 210), (360, 240), (750, 240), (360, 270), (750, 270), (360, 300), (690, 300), (690, 330), (690, 360)]
[(150, 60), (180, 60), (210, 60), (240, 60), (270, 60), (300, 60), (330, 60), (360, 60), (390, 60), (420, 60), (450, 60), (480, 60), (510, 60), (540, 60), (570, 60), (600, 60), (630, 60), (660, 60), (90, 150), (120, 150), (690, 150), (720, 150), (360, 300), (390, 300), (420, 300)]
[(360, 150), (390, 150), (420, 150), (90, 300), (120, 300), (690, 300), (720, 300), (150, 390), (180, 390), (210, 390), (240, 390), (270, 390), (300, 390), (330, 390), (360, 390), (390, 390), (420, 390), (450, 390), (480, 390), (510, 390), (540, 390), (570, 390), (600, 390), (630, 390), (660, 390)]
[[[165, 105], [165, 375]], [[210, 375], [210, 105]], [[255, 105], [255, 375]], [[300, 375], [300, 105]], [[345, 105], [345, 375]], [[480, 375], [480, 105]], [[540, 105], [540, 375]], [[600, 375], [600, 105]], [[660, 105], [660, 375]]]
1
[[[405, 240], [135.0]]]
