[139.0, 244.0]
[]
[[263, 98], [308, 398], [353, 98], [398, 398], [443, 98], [488, 398], [533, 98], [578, 398], [623, 98], [668, 398]]
[[[263.0, 98.0], [263.0, 398.0]], [[308.0, 398.0], [308.0, 98.0]], [[353.0, 98.0], [353.0, 398.0]], [[398.0, 398.0], [398.0, 98.0]], [[443.0, 98.0], [443.0, 398.0]], [[488.0, 398.0], [488.0, 98.0]], [[533.0, 98.0], [533.0, 398.0]], [[578.0, 398.0], [578.0, 98.0]], [[623.0, 98.0], [623.0, 398.0]], [[668.0, 398.0], [668.0, 98.0]]]
[12.0, 12.0, 12.0, 12.0, 12.0, 12.0, 12.0, 12.0, 12.0, 12.0]
[]
[]
[]
[]
[[120, 210], [150, 210], [180, 210], [210, 210], [720, 210], [750, 210], [780, 210], [810, 210], [120, 240], [150, 240], [180, 240], [210, 240], [720, 240], [750, 240], [780, 240], [810, 240], [120, 270], [150, 270], [180, 270], [210, 270], [720, 270], [750, 270], [780, 270], [810, 270]]
[[240, 90], [270, 90], [300, 90], [330, 90], [360, 90], [390, 90], [420, 90], [450, 90], [480, 90], [510, 90], [540, 90], [570, 90], [600, 90], [630, 90], [660, 90], [690, 90], [240, 120], [270, 120], [300, 120], [330, 120], [360, 120], [390, 120], [420, 120], [450, 120], [480, 120], [510, 120], [540, 120], [570, 120], [600, 120], [630, 120], [660, 120], [690, 120], [240, 150], [270, 150], [300, 150], [330, 150], [360, 150], [390, 150], [420, 150], [450, 150], [480, 150], [510, 150], [540, 150], [570, 150], [600, 150], [630, 150], [660, 150], [690, 150], [240, 180], [270, 180], [300, 180], [330, 180], [360, 180], [390, 180], [420, 180], [450, 180], [480, 180], [510, 180], [540, 180], [570, 180], [600, 180], [630, 180], [660, 180], [690, 180], [120, 210], [150, 210], [180, 210], [210, 210], [240, 210], [270, 210], [300, 210], [330, 210], [360, 210], [390, 210], [420, 210], [450, 210], [480, 210], [510, 210], [540, 210], [570, 210], [600, 210], [630, 210], [660, 210], [690, 210], [720, 210], [750, 210], [780, 210], [810, 210], [120, 240], [150, 240], [180, 240], [210, 240], [240, 240], [270, 240], [300, 240], [330, 240], [360, 240], [390, 240], [420, 240], [450, 240], [480, 240], [510, 240], [540, 240], [570, 240], [600, 240], [630, 240], [660, 240], [690, 240], [720, 240], [750, 240], [780, 240], [810, 240], [120, 270], [150, 270], [180, 270], [210, 270], [240, 270], [270, 270], [300, 270], [330, 270], [360, 270], [390, 270], [420, 270], [450, 270], [480, 270], [510, 270], [540, 270], [570, 270], [600, 270], [630, 270], [660, 270], [690, 270], [720, 270], [750, 270], [780, 270], [810, 270], [240, 300], [270, 300], [300, 300], [330, 300], [360, 300], [390, 300], [420, 300], [450, 300], [480, 300], [510, 300], [540, 300], [570, 300], [600, 300], [630, 300], [660, 300], [690, 300], [240, 330], [270, 330], [300, 330], [330, 330], [360, 330], [390, 330], [420, 330], [450, 330], [480, 330], [510, 330], [540, 330], [570, 330], [600, 330], [630, 330], [660, 330], [690, 330], [240, 360], [270, 360], [300, 360], [330, 360], [360, 360], [390, 360], [420, 360], [450, 360], [480, 360], [510, 360], [540, 360], [570, 360], [600, 360], [630, 360], [660, 360], [690, 360], [240, 390], [270, 390], [300, 390], [330, 390], [360, 390], [390, 390], [420, 390], [450, 390], [480, 390], [510, 390], [540, 390], [570, 390], [600, 390], [630, 390], [660, 390], [690, 390]]
[[458, 248]]
[(210, 90), (210, 120), (210, 150), (210, 180), (90, 210), (90, 240), (90, 270), (210, 300), (210, 330), (210, 360), (210, 390)]
[(720, 90), (720, 120), (720, 150), (720, 180), (840, 210), (840, 240), (840, 270), (720, 300), (720, 330), (720, 360), (720, 390)]
[(240, 60), (270, 60), (300, 60), (330, 60), (360, 60), (390, 60), (420, 60), (450, 60), (480, 60), (510, 60), (540, 60), (570, 60), (600, 60), (630, 60), (660, 60), (690, 60), (120, 180), (150, 180), (180, 180), (210, 180), (720, 180), (750, 180), (780, 180), (810, 180)]
[(120, 300), (150, 300), (180, 300), (210, 300), (720, 300), (750, 300), (780, 300), (810, 300), (240, 420), (270, 420), (300, 420), (330, 420), (360, 420), (390, 420), (420, 420), (450, 420), (480, 420), (510, 420), (540, 420), (570, 420), (600, 420), (630, 420), (660, 420), (690, 420)]
[[[270.0, 105.0], [270.0, 405.0]], [[315.0, 405.0], [315.0, 105.0]], [[360.0, 105.0], [360.0, 405.0]], [[405.0, 405.0], [405.0, 105.0]], [[450.0, 105.0], [450.0, 405.0]], [[495.0, 405.0], [495.0, 105.0]], [[540.0, 105.0], [540.0, 405.0]], [[585.0, 405.0], [585.0, 105.0]], [[630.0, 105.0], [630.0, 405.0]], [[675.0, 405.0], [675.0, 105.0]]]
0
[]
