[199.0, 199.0]
[]
[[338, 38], [428, 458], [518, 38], [608, 458]]
[[[338.0, 38.0], [338.0, 458.0]], [[428.0, 458.0], [428.0, 38.0]], [[518.0, 38.0], [518.0, 458.0]], [[608.0, 458.0], [608.0, 38.0]]]
[8.4, 8.4, 8.4, 8.4]
[]
[]
[]
[]
[[150, 150], [180, 150], [210, 150], [240, 150], [150, 180], [180, 180], [210, 180], [240, 180], [150, 210], [180, 210], [210, 210], [240, 210], [150, 240], [180, 240], [210, 240], [240, 240], [660, 240], [690, 240], [720, 240], [750, 240], [660, 270], [690, 270], [720, 270], [750, 270], [660, 300], [690, 300], [720, 300], [750, 300], [660, 330], [690, 330], [720, 330], [750, 330]]
[[330, 30], [420, 30], [510, 30], [600, 30], [330, 60], [420, 60], [510, 60], [600, 60], [330, 90], [420, 90], [510, 90], [600, 90], [330, 120], [420, 120], [510, 120], [600, 120], [150, 150], [180, 150], [210, 150], [240, 150], [330, 150], [420, 150], [510, 150], [600, 150], [150, 180], [180, 180], [210, 180], [240, 180], [330, 180], [420, 180], [510, 180], [600, 180], [150, 210], [180, 210], [210, 210], [240, 210], [330, 210], [420, 210], [510, 210], [600, 210], [150, 240], [180, 240], [210, 240], [240, 240], [270, 240], [300, 240], [330, 240], [360, 240], [390, 240], [420, 240], [450, 240], [480, 240], [510, 240], [540, 240], [570, 240], [600, 240], [630, 240], [660, 240], [690, 240], [720, 240], [750, 240], [330, 270], [420, 270], [510, 270], [600, 270], [660, 270], [690, 270], [720, 270], [750, 270], [330, 300], [420, 300], [510, 300], [600, 300], [660, 300], [690, 300], [720, 300], [750, 300], [330, 330], [420, 330], [510, 330], [600, 330], [660, 330], [690, 330], [720, 330], [750, 330], [330, 360], [420, 360], [510, 360], [600, 360], [330, 390], [420, 390], [510, 390], [600, 390], [330, 420], [420, 420], [510, 420], [600, 420], [330, 450], [420, 450], [510, 450], [600, 450]]
[[338, 188], [428, 188], [518, 188], [608, 188], [338, 293], [428, 293], [518, 293], [608, 293]]
[(300, 30), (390, 30), (480, 30), (570, 30), (300, 60), (390, 60), (480, 60), (570, 60), (300, 90), (390, 90), (480, 90), (570, 90), (300, 120), (390, 120), (480, 120), (570, 120), (120, 150), (300, 150), (390, 150), (480, 150), (570, 150), (120, 180), (300, 180), (390, 180), (480, 180), (570, 180), (120, 210), (300, 210), (390, 210), (480, 210), (570, 210), (120, 240), (300, 270), (390, 270), (480, 270), (570, 270), (630, 270), (300, 300), (390, 300), (480, 300), (570, 300), (630, 300), (300, 330), (390, 330), (480, 330), (570, 330), (630, 330), (300, 360), (390, 360), (480, 360), (570, 360), (300, 390), (390, 390), (480, 390), (570, 390), (300, 420), (390, 420), (480, 420), (570, 420), (300, 450), (390, 450), (480, 450), (570, 450)]
[(360, 30), (450, 30), (540, 30), (630, 30), (360, 60), (450, 60), (540, 60), (630, 60), (360, 90), (450, 90), (540, 90), (630, 90), (360, 120), (450, 120), (540, 120), (630, 120), (270, 150), (360, 150), (450, 150), (540, 150), (630, 150), (270, 180), (360, 180), (450, 180), (540, 180), (630, 180), (270, 210), (360, 210), (450, 210), (540, 210), (630, 210), (780, 240), (360, 270), (450, 270), (540, 270), (630, 270), (780, 270), (360, 300), (450, 300), (540, 300), (630, 300), (780, 300), (360, 330), (450, 330), (540, 330), (630, 330), (780, 330), (360, 360), (450, 360), (540, 360), (630, 360), (360, 390), (450, 390), (540, 390), (630, 390), (360, 420), (450, 420), (540, 420), (630, 420), (360, 450), (450, 450), (540, 450), (630, 450)]
[(330, 0), (420, 0), (510, 0), (600, 0), (150, 120), (180, 120), (210, 120), (240, 120), (270, 210), (300, 210), (360, 210), (390, 210), (450, 210), (480, 210), (540, 210), (570, 210), (630, 210), (660, 210), (690, 210), (720, 210), (750, 210)]
[(150, 270), (180, 270), (210, 270), (240, 270), (270, 270), (300, 270), (360, 270), (390, 270), (450, 270), (480, 270), (540, 270), (570, 270), (630, 270), (660, 360), (690, 360), (720, 360), (750, 360), (330, 480), (420, 480), (510, 480), (600, 480)]
[[[345.0, 45.0], [345.0, 465.0]], [[435.0, 465.0], [435.0, 45.0]], [[525.0, 45.0], [525.0, 465.0]], [[615.0, 465.0], [615.0, 45.0]]]
0
[]
